
power = 1911.22786967847
throughput = 8667.92
composite = 4070.18061959704
